Tobacco 4.55 0.32 0.68 1 0.86
Maize 4.81 0.46 0.69 1 0.76
Sorghum 4.58 0.36 0.64 1 0.69
Wheat 3.24 0.32 0.68 1 0.60
Cotton 5.13 0.39 0.65 1 0.74
Alfalfa 21.8 0.36 0.86 1 0.85
Banana 4.00 0.34 0.77 1 0.74
Citrus 3.01 0.33 0.61 1 0.60
Potato 4.44 0.41 0.68 1 0.82
Groundnut 4.44 0.40 0.73 1 0.73
Olive 2.25 0.93 0.96 1 1.00
Grape 4.07 0.35 0.68 1 0.53
Safflower 5.87 0.33 0.66 1 0.23
Soybean 4.60 0.43 0.72 1 0.43
Sunflower 6.15 0.33 0.66 1 0.33
Bean 3.85 0.35 0.67 1 0.30
Pea 4.25 0.43 0.72 1 0.96
Sugarbeet 3.33 0.29 0.65 1 0.67
Sugarcane 5.33 0.32 0.66 1 0.60
Cabbage 2.67 0.67 0.88 1 0.90
Onion 2.80 0.70 0.85 1 1.00
Pepper 4.50 0.57 0.83 1 0.86
Tomato 4.76 0.52 0.76 1 0.70
Watermelon 5.00 0.40 0.70 1 0.75